1.891 0
2.301 1
3.240 0
3.687 1
4.519 0
4.983 1
5.486 0
5.948 1
6.437 1
6.953 0
7.281 1
7.436 1
7.927 0
8.241 0
8.690 1
9.233 1
9.710 0
10.629 1
11.051 0
11.969 0
12.472 1
12.968 1
13.472 0
13.933 1
14.370 0
14.647 1
14.880 0
15.277 1
15.774 0
16.262 0
16.698 1
17.198 0
17.630 1
18.257 0
18.609 1
19.502 0
20.004 1
20.441 0
20.960 0
21.220 1
21.415 1
21.656 0
21.870 1
22.113 0
22.393 1
22.621 0
22.846 1
23.058 1
23.295 0
23.538 0
23.657 1
23.910 1
23.948 0
24.255 1
24.523 0
24.752 0
24.965 1
25.174 1
25.404 0
25.651 1
25.892 0
26.113 0
26.351 1
26.570 0
26.760 1
26.967 1
27.246 0
27.494 1
27.728 0
28.002 1
28.190 1
28.454 0
28.907 1
29.383 0
29.645 1
29.886 0
30.364 1
30.772 1
31.260 0
31.731 1
32.209 0
32.677 1
33.139 0
33.622 0
34.092 1
34.561 0
34.991 1
35.473 0
35.942 1
36.213 0
36.440 1
36.715 1
36.965 0
37.213 1
37.433 1
37.717 0
37.944 0
38.201 1
38.441 1
38.649 0
38.857 0
39.246 1
39.589 0
39.812 1
40.008 0
40.223 1
40.590 1
41.114 0
41.540 1
41.826 0
42.502 1
42.707 0
42.945 1
43.453 0
43.870 0
44.029 1
44.286 1
44.505 0
44.784 1
45.003 0
45.191 0
45.421 1
45.555 1
45.790 0
46.014 0
46.265 1
46.467 1
46.722 0
46.977 1
47.246 0
47.473 1
47.610 0
47.816 1
48.046 1
48.274 0
48.562 1
48.841 0
49.126 1
49.591 0
50.086 1
50.532 0
50.979 1
51.198 0
51.433 1
51.930 0
52.159 1
52.366 0
53.223 1
53.708 0
54.203 1
54.700 0
55.189 1
55.693 1
55.934 0
56.276 1
57.053 0
57.342 1
57.531 1
57.571 0
58.016 1
58.465 0
58.948 1
59.402 0
59.651 0
59.740 1
59.845 1
60.718 0
61.251 1
61.755 0
62.239 1
62.709 0
63.164 1
63.581 0
64.492 1
64.963 0
65.237 1
65.514 0
65.954 0
66.142 1
66.404 1
66.674 0
66.901 1
67.083 0
67.337 1
67.579 1
67.820 0
68.042 1
68.224 0
68.373 1
68.573 0
68.838 1
69.032 0
69.237 1
69.466 0
69.697 1
69.897 1
70.091 0
70.240 1
70.581 0
70.868 1
71.097 0
71.345 1
71.554 0
71.759 0
71.912 1
72.032 1
72.329 0
72.548 1
72.761 0
72.986 0
73.205 1
73.440 1
73.818 0
74.031 1
74.301 0
74.556 1
74.826 0
75.075 1
75.333 1
75.523 0
75.757 1
76.005 0
76.297 1
76.535 0
76.765 1
76.973 1
77.189 0
77.411 1
77.545 0
77.684 1
78.095 1
78.342 0
78.596 1
78.833 0
79.093 1
79.511 0
80.021 1
80.023 0
80.484 1
88.030 0
88.695 1
89.391 0
90.933 1
91.704 0
92.408 1
93.058 0
94.625 1
95.520 0
96.221 1
96.920 0
98.493 1
99.277 1
100.009 0
100.733 1
102.026 0
102.955 1
103.641 0
104.357 1
105.798 0
106.631 1
107.413 0
108.156 1
109.504 0
110.430 1
110.937 0
111.427 1
111.883 0
112.358 1
112.833 0
113.292 1
113.723 0
114.184 1
114.653 0
115.123 1
115.623 1
116.102 0
116.561 1
117.014 0
117.492 1
117.940 0
118.361 1
118.791 0
119.347 1
119.831 1
120.278 0
120.758 1
121.199 0
121.656 1
122.161 0
122.601 1
123.092 0
123.614 1
124.059 0
124.554 1
124.978 0
125.441 1
125.957 1
126.424 0
126.880 1
127.357 0
127.795 1
128.236 0
128.700 1
129.176 0
129.624 1
130.074 0
130.575 1
131.067 0
131.487 1
131.979 1
132.442 0
132.898 1
133.415 0
133.876 1
134.387 1
134.849 0
135.313 1
135.814 0
136.251 1
136.719 1
137.209 0
137.712 1
138.135 0
138.645 1
139.114 0
139.537 1
139.993 1
140.477 0
141.307 1
141.870 0
142.119 1
142.293 0
143.247 1
143.694 0
143.891 1
144.327 0
144.687 1
145.112 0
145.636 1
146.116 0
146.990 1
147.416 1
147.651 0
148.033 1
148.422 0
148.665 1
149.038 0
149.397 1
149.666 1
149.779 0
149.929 1
150.657 0
151.215 1
151.408 0
151.648 1
152.033 0
152.382 1
152.615 0
153.084 1
153.569 1
154.468 0
154.963 1
154.990 0
155.259 1
155.501 0
155.929 1
156.412 1
156.889 0
157.103 1
157.170 0
158.258 1
158.551 0
159.033 1
159.581 0
160.113 1
160.712 0
161.096 1
162.060 0
162.461 1
162.977 0
163.434 1
163.895 0
164.376 1
164.722 0
164.842 1
164.914 0
165.789 1
166.245 0
166.701 1
167.143 0
167.285 1
167.327 0
167.546 1
167.764 0
168.083 1
168.246 0
168.500 1
168.654 0
168.755 1
168.841 0
168.931 1
169.011 0
169.093 1
169.172 0
169.275 1
169.333 1
169.407 0
169.416 1
169.510 0
169.536 1
169.630 0
169.644 1
169.701 0
169.712 1
169.768 0
169.820 1
169.848 1
169.887 0
169.935 1
169.989 0
169.991 1
170.058 0
170.070 1
170.105 0
170.152 1
170.449 1
170.912 0
171.137 1
171.433 0
171.845 1
172.112 0
172.217 1
172.319 0
172.669 1
172.797 0
173.034 1
173.286 0
173.541 1
173.784 0
173.967 1
174.199 1
174.682 0
175.167 1
175.616 0
176.079 1
176.521 0
176.964 1
177.480 0
177.661 1
177.929 0
178.420 1
178.929 0
179.359 1
179.850 0
180.303 1
180.786 0
181.195 1
181.634 1
182.128 0
182.606 1
183.059 0
183.516 1
183.946 0
184.436 1
184.885 1
185.407 0
185.876 1
185.920 0
186.128 1
186.294 1
186.426 0
186.731 1
186.840 0
186.967 1
187.188 0
187.390 1
187.589 0
187.787 1
187.867 0
188.136 1
188.169 1
188.221 0
188.567 1
188.786 0
189.183 1
189.538 0
189.713 1
189.920 1
190.003 0
190.145 1
190.538 0
190.773 1
191.035 0
191.406 1
191.545 0
191.806 1
192.028 1
192.402 0
192.606 1
192.814 0
192.956 1
193.410 0
193.471 1
193.853 1
194.264 0
194.397 1
194.605 0
194.761 1
194.923 0
195.137 1
195.272 0
195.441 1
195.588 0
195.669 1
195.776 0
195.923 1
196.105 0
196.153 1
196.218 0
196.249 1
196.691 0
196.979 1
197.176 0
197.307 1
197.513 0
197.609 1
197.760 0
198.034 1
198.180 0
198.415 1
198.617 0
198.780 1
199.041 0
199.150 1
199.530 0
200.008 1
200.478 0
200.792 1
200.953 0
201.222 1
201.421 0
201.727 1
201.894 0
202.135 1
202.224 0
202.320 1
203.267 0
203.752 1
204.247 0
204.711 1
205.173 0
205.596 1
205.898 0
206.019 1
206.107 0
206.359 1
206.502 0
206.784 1
206.951 0
207.233 1
207.388 0
207.650 1
207.807 0
208.028 1
208.268 0
208.499 1
208.715 0
208.934 1
209.174 0
209.411 1
209.605 0
209.720 1
209.814 0
210.745 1
210.938 0
211.194 1
211.417 0
211.732 1
212.170 0
212.627 1
213.108 0
213.409 1
214.496 0
214.973 1
215.226 0
215.448 1
215.674 0
215.898 1
216.025 0
216.223 1
216.430 0
216.629 1
216.779 0
216.911 1
217.054 0
217.275 1
217.441 0
217.646 1
217.773 0
217.871 1
218.054 0
218.195 1
218.297 0
218.310 1
218.700 0
219.190 1
219.410 0
219.571 1
219.740 0
219.949 1
220.095 0
220.196 1
220.490 0
220.695 1
220.869 0
221.104 1
221.300 0
221.439 1
221.615 0
221.735 1
221.864 0
221.937 1
222.361 0
222.923 1
223.158 0
223.305 1
223.461 0
223.564 1
223.824 0
224.005 1
224.213 0
224.336 1
224.532 0
224.650 1
224.800 0
224.940 1
225.162 0
225.308 1
225.471 0
225.583 1
225.711 0
225.833 1
225.969 0
226.063 1
226.212 0
226.423 1
226.608 0
226.707 1
226.869 0
226.889 1
227.117 0
227.419 1
227.516 0
227.662 1
227.870 0
228.024 1
228.127 0
228.274 1
228.388 0
228.568 1
229.019 0
229.489 1
229.984 0
230.213 1
230.273 0
230.462 1
230.790 0
230.926 1
231.187 0
231.830 1
232.333 0
232.776 1
233.231 0
233.714 1
234.196 0
234.669 1
235.130 0
235.574 1
236.038 0
236.506 1
237.002 0
237.465 1
237.913 0
238.422 1
238.888 0
239.336 1
239.827 0
240.308 1
240.784 0
241.207 1
241.678 0
241.685 1
242.202 0
242.650 1
243.085 0
243.536 1
243.569 0
244.046 1
244.531 0
245.000 1
245.470 0
245.915 1
246.381 0
246.846 1
247.328 0
247.782 1
248.232 0
248.676 1
249.172 0
249.649 1
250.117 0
250.567 1
251.055 0
251.518 1
251.989 0
252.451 1
252.910 0
253.403 1
253.867 0
254.316 1
254.788 0
255.242 1
255.679 0
256.106 1
256.578 0
257.013 1
257.531 0
258.006 1
258.502 0
259.033 1
259.106 0
259.347 1
259.563 0
259.798 1
260.036 0
260.261 1
260.512 0
