2.147 0
2.409 1
2.671 0
2.879 0
3.184 0
3.380 1
3.703 0
3.898 0
4.236 1
4.659 0
5.069 0
5.338 0
5.802 0
6.348 0
6.658 1
7.027 1
7.311 0
7.649 1
8.306 1
8.622 1
9.075 0
9.328 1
9.705 0
10.028 1
10.285 1
10.622 1
10.999 1
11.099 1
11.436 0
11.713 1
12.055 0
12.244 1
12.488 0
12.717 1
12.872 1
13.289 1
13.679 0
13.900 1
14.109 0
14.338 1
14.789 0
15.139 0
15.369 0
15.731 0
16.038 0
16.474 0
16.836 0
17.172 0
17.483 0
17.920 1
18.289 1
18.612 0
18.976 0
19.353 0
19.595 1
19.763 0
20.174 0
20.711 1
20.793 0
21.084 1
21.245 1
21.535 0
21.719 1
21.932 0
22.161 1
22.338 0
22.413 1
22.500 0
22.689 0
22.785 1
22.899 0
23.068 0
23.157 0
23.400 0
23.555 0
23.858 0
24.216 1
24.326 0
24.753 0
24.948 1
25.204 0
25.313 0
25.682 0
25.911 1
26.181 1
26.359 0
26.563 0
26.670 1
26.845 0
26.922 0
27.109 1
27.186 1
27.427 1
27.490 0
27.624 0
27.875 0
28.138 0
28.352 1
28.563 1
28.846 1
29.019 0
29.207 0
29.362 1
29.624 1
29.847 0
30.170 1
30.291 1
30.603 1
30.912 0
31.128 1
31.564 1
31.834 0
32.259 1
32.506 0
32.641 1
33.057 0
33.382 1
33.912 0
34.216 0
34.709 0
35.399 1
35.588 0
36.194 0
36.443 1
36.685 1
37.164 1
37.426 1
37.862 0
38.268 0
38.410 1
38.757 0
39.001 0
39.282 0
39.729 1
40.305 0
40.694 1
41.085 1
41.639 0
42.075 0
42.646 0
43.137 1
43.360 0
43.850 0
44.234 1
44.483 1
44.744 1
45.001 1
45.479 0
45.821 0
46.232 0
46.764 0
47.550 1
48.119 1
48.329 0
48.426 1
48.704 1
48.947 0
49.238 0
49.347 0
49.597 0
49.665 1
49.828 1
50.495 1
51.336 1
51.492 0
51.675 1
51.792 0
52.168 0
52.553 0
52.919 1
53.169 1
53.318 0
53.649 1
53.826 1
54.277 0
54.689 0
55.145 1
55.415 0
55.563 0
55.892 1
56.175 1
56.339 1
56.438 1
56.703 1
56.818 1
57.170 0
57.534 0
57.677 1
57.853 1
58.229 1
58.478 0
59.024 0
59.079 1
59.350 0
59.510 1
59.766 1
60.209 0
60.674 0
60.913 0
61.109 1
61.340 0
61.593 0
61.649 1
61.811 0
62.014 0
62.352 1
62.454 1
62.587 1
62.723 1
62.945 1
63.061 1
63.391 1
63.877 0
64.299 1
64.568 0
65.093 0
65.457 1
65.741 0
66.173 1
66.357 1
66.639 1
66.822 1
67.214 1
67.600 1
67.828 0
68.084 0
68.388 1
68.803 0
69.235 0
69.651 1
69.947 1
70.432 0
71.908 1
73.801 0
76.152 1
77.361 1
79.860 0
82.206 1
84.559 0
86.852 1
88.717 0
89.978 1
90.702 0
90.964 1
91.267 1
91.731 1
91.986 1
92.262 0
92.531 1
92.767 1
93.171 0
93.412 0
93.796 0
94.233 0
94.623 0
94.906 0
95.432 1
95.787 0
96.278 0
96.515 1
96.757 0
97.362 1
97.922 1
98.399 1
98.535 1
99.228 1
99.780 0
99.989 0
100.265 0
100.548 1
100.913 0
101.204 1
101.491 1
101.689 0
101.791 1
101.946 1
102.175 1
102.594 1
102.803 0
103.241 1
103.348 0
103.592 1
103.867 0
104.273 1
104.710 0
104.953 1
105.121 0
105.365 0
105.479 1
105.661 0
106.100 1
106.275 0
106.607 1
106.922 1
107.030 0
107.409 1
107.651 1
107.734 0
108.105 0
108.528 1
108.710 1
108.999 1
109.335 0
109.551 0
109.935 1
110.035 1
110.346 1
110.480 0
110.737 1
110.966 1
111.149 1
111.366 0
111.751 1
111.874 0
112.176 1
112.472 1
112.978 1
113.383 0
113.641 0
113.909 0
114.226 1
114.530 0
114.827 0
115.223 1
115.534 0
115.870 1
116.119 0
116.497 1
116.760 1
116.916 0
117.457 0
117.554 1
117.838 0
118.180 0
118.290 0
118.673 1
118.965 0
119.294 0
119.605 0
119.787 0
119.984 1
120.280 1
120.464 1
120.692 0
120.930 0
121.178 1
121.293 0
121.475 0
121.813 0
122.037 1
122.305 1
122.528 0
122.697 0
123.028 1
123.252 0
123.636 0
123.790 0
123.988 1
124.134 1
124.465 1
124.627 0
124.837 1
124.940 1
125.107 0
125.276 1
125.438 0
125.600 1
125.741 0
125.783 1
125.993 1
126.067 0
126.196 1
126.392 0
126.581 1
126.756 1
126.918 1
127.244 1
127.533 1
127.667 1
127.863 1
128.153 0
128.530 1
128.747 1
128.942 1
129.199 0
129.480 1
129.655 1
129.926 0
130.126 0
130.437 1
130.799 1
131.217 1
131.573 0
131.796 1
132.024 1
132.260 1
132.597 0
132.947 0
133.175 1
133.491 1
133.949 1
134.326 1
134.885 0
135.160 1
135.396 1
135.626 0
135.840 1
136.211 1
136.473 0
136.763 1
136.978 1
137.146 1
137.309 1
137.411 1
137.535 1
137.857 0
138.109 1
138.203 1
138.406 1
138.589 0
138.765 1
138.854 0
139.163 1
139.351 0
139.857 0
140.187 1
140.437 0
140.789 1
140.966 0
141.194 1
141.552 1
141.686 0
141.808 1
142.206 1
142.382 0
142.537 1
142.753 1
142.969 1
143.306 1
143.427 0
143.651 1
143.881 0
143.989 1
144.151 0
144.233 1
144.280 1
144.544 1
144.900 1
145.189 1
145.492 0
145.573 1
145.822 1
147.109 1
