2.596 1
2.711 0
2.805 0
2.906 0
3.148 1
3.243 0
3.357 0
3.518 1
3.787 0
3.921 0
3.990 1
4.096 1
4.331 1
4.460 1
4.541 1
4.656 0
4.842 0
4.977 1
5.058 0
5.152 1
5.261 0
5.475 0
5.576 1
5.670 0
5.758 0
5.933 1
6.135 1
6.249 0
6.342 1
6.450 0
6.552 0
6.715 1
6.788 1
6.983 0
7.097 0
7.224 0
7.308 1
7.460 0
7.665 1
7.749 0
7.863 1
7.946 0
8.146 1
8.263 0
8.355 0
8.435 0
8.691 1
8.819 1
8.908 0
8.993 1
9.256 1
9.357 0
9.465 1
9.559 0
9.660 1
9.855 1
10.200 0
10.262 0
10.392 0
10.521 0
10.610 1
10.756 1
10.805 1
10.979 0
10.992 1
11.288 1
11.416 0
11.496 1
11.611 1
11.732 1
11.926 0
12.034 1
12.175 0
12.236 1
12.532 0
12.622 0
12.734 0
12.824 1
12.976 1
13.131 1
13.218 0
13.346 1
13.436 1
13.676 0
13.737 1
13.865 0
13.961 1
14.268 1
14.341 1
14.475 1
14.529 0
14.678 1
14.846 0
14.929 1
15.021 1
15.095 1
15.222 0
15.330 1
15.485 1
15.528 1
15.728 1
15.883 1
15.889 1
16.078 1
16.333 0
16.434 1
16.528 0
16.618 0
16.784 0
16.891 1
16.979 1
17.081 0
17.187 1
17.336 0
17.436 1
17.531 1
17.773 0
17.857 0
17.977 0
18.028 0
18.191 0
18.407 1
18.433 1
18.587 0
18.897 0
18.973 1
19.112 0
19.228 0
19.368 1
19.582 0
19.692 1
19.838 0
19.980 0
20.235 0
20.336 1
20.498 0
20.573 0
20.740 1
20.847 1
20.989 0
21.123 1
21.258 1
21.367 0
21.500 0
21.648 0
21.762 0
21.884 1
22.005 0
22.153 1
22.247 1
22.381 1
22.503 1
22.636 0
22.772 0
22.889 1
23.021 0
23.149 0
23.291 1
23.398 1
23.528 1
23.653 0
23.788 1
23.897 1
24.004 1
24.125 0
24.279 0
24.394 0
24.461 0
24.528 1
24.609 0
24.630 1
24.712 0
24.738 0
24.826 1
24.833 0
24.907 1
25.015 0
25.028 1
25.070 1
25.084 1
25.185 1
25.186 0
25.211 0
25.255 1
25.339 0
25.509 1
25.528 0
25.697 1
25.737 1
25.891 1
25.951 0
26.093 1
26.161 0
26.288 1
26.370 1
26.504 1
26.572 0
26.692 0
26.775 0
26.908 1
27.035 1
27.137 0
27.291 0
27.425 1
27.520 0
27.661 0
27.781 1
27.904 1
28.025 0
28.146 0
28.294 0
28.383 0
28.617 0
28.624 1
28.738 1
28.754 0
28.819 0
28.890 1
28.893 1
28.961 1
29.011 0
29.029 0
29.109 1
29.130 0
29.260 1
29.274 1
29.341 1
29.388 0
29.435 0
29.455 1
29.522 1
29.529 0
29.598 0
29.638 0
29.699 0
29.712 1
29.752 1
29.800 0
29.856 1
29.894 1
29.916 1
30.029 0
30.056 0
30.083 0
30.177 1
30.191 1
30.238 0
30.277 0
30.354 1
30.370 0
30.424 1
30.516 0
30.543 0
30.597 1
30.699 0
30.719 0
30.766 1
30.835 0
30.860 1
30.922 1
30.935 0
31.027 1
31.031 1
31.207 0
31.265 0
31.367 0
31.428 0
31.543 0
31.595 0
31.711 1
31.772 0
31.799 0
31.893 0
31.947 0
32.062 1
32.136 0
32.243 0
32.371 1
32.418 1
32.446 1
32.478 1
32.602 0
32.655 0
32.776 0
32.869 0
32.940 0
32.941 1
32.950 1
33.092 1
33.174 0
33.297 1
33.361 1
33.458 1
33.543 1
33.653 0
33.733 1
33.828 1
33.908 1
34.016 0
34.017 1
34.091 0
34.199 1
34.295 0
34.387 0
34.468 1
34.549 1
34.650 1
34.724 1
34.805 0
34.885 1
35.014 0
35.028 0
35.041 0
35.169 0
35.261 1
35.345 0
35.438 1
35.528 1
35.653 1
35.717 0
35.843 0
35.904 1
36.052 1
36.120 1
36.133 0
36.219 0
36.308 0
36.402 1
36.490 0
36.578 0
36.685 0
36.774 1
36.847 0
36.941 1
37.055 1
37.150 1
37.244 1
37.401 1
37.426 1
37.602 1
37.769 1
37.931 0
38.091 1
38.221 0
38.354 1
38.395 1
38.430 0
38.469 1
38.571 1
38.584 1
38.632 1
38.645 0
38.748 0
38.749 0
38.793 1
38.820 1
38.908 1
38.909 0
38.970 0
39.077 0
39.091 1
39.112 1
39.118 0
39.293 0
39.403 1
39.435 1
39.597 0
39.691 1
39.793 1
39.940 0
40.023 1
40.156 0
40.263 0
40.397 1
40.512 1
40.573 1
40.686 1
40.756 0
40.770 1
40.883 1
40.924 1
40.950 0
41.059 1
41.079 1
41.111 1
41.180 0
41.227 1
41.276 0
41.288 0
41.350 0
41.383 0
41.552 1
41.580 1
41.769 1
41.774 0
41.915 0
41.990 0
42.091 1
42.174 1
42.259 1
42.354 0
42.454 1
42.562 1
42.651 0
42.757 0
42.853 0
42.946 0
43.041 1
43.127 0
43.187 0
43.283 0
43.370 0
43.372 0
43.491 0
43.525 0
43.733 1
43.834 0
43.936 0
44.050 0
44.143 0
44.292 0
44.372 0
44.514 1
44.585 0
44.763 0
44.858 1
44.972 0
45.067 1
45.194 0
45.303 0
45.435 0
45.524 0
45.672 1
45.833 1
45.953 0
46.055 1
46.170 0
46.284 1
46.385 0
46.507 0
46.595 0
46.707 1
46.816 1
46.831 1
46.931 1
46.965 1
47.012 0
47.099 0
47.154 1
47.221 0
47.322 0
47.328 1
47.422 1
47.477 1
47.619 0
47.659 1
47.767 0
47.774 1
48.015 0
48.058 1
48.110 1
48.158 1
48.178 1
48.279 0
48.280 1
48.333 0
48.368 0
48.416 0
48.449 1
48.475 1
48.537 1
48.572 1
48.631 0
48.632 1
48.701 1
48.719 0
48.781 1
48.800 0
48.874 1
48.881 1
48.934 1
49.106 0
49.125 1
49.300 0
49.306 0
49.474 0
49.495 1
49.623 1
49.684 0
49.805 0
49.872 0
49.940 0
49.954 0
50.021 0
50.170 0
50.210 1
50.357 1
50.371 1
50.499 1
50.506 1
50.561 0
50.568 1
50.688 1
50.715 0
50.722 0
50.776 1
50.853 0
50.905 1
50.920 1
51.033 0
51.048 1
51.175 1
51.229 1
51.242 0
51.323 1
51.337 1
51.399 0
51.399 1
51.505 0
51.520 1
51.556 1
51.594 1
51.662 0
51.710 0
51.852 1
51.858 0
52.033 1
52.040 1
52.054 1
52.101 1
52.202 1
52.343 0
52.370 0
52.404 0
52.446 0
52.546 1
52.547 1
52.566 0
52.661 1
52.703 1
52.736 0
52.764 1
52.876 0
52.891 0
52.892 0
52.973 0
53.055 0
53.067 0
53.108 0
53.223 1
53.249 0
53.417 1
53.450 1
53.472 0
53.581 1
53.669 1
53.702 1
53.829 0
53.864 0
53.943 1
54.018 0
54.019 0
54.078 0
54.200 1
54.201 1
54.281 1
54.314 0
54.510 1
54.525 0
54.537 1
54.584 1
54.719 0
54.753 1
54.808 0
54.821 1
54.910 0
54.951 1
55.010 0
55.051 0
55.085 0
55.146 1
55.159 1
55.281 0
55.288 1
55.335 0
55.504 0
55.585 1
55.666 1
55.667 0
55.773 0
55.786 0
55.855 0
55.870 0
55.956 1
55.996 1
56.072 1
56.139 0
56.193 0
56.200 1
56.308 1
56.349 0
56.441 0
56.531 0
56.718 0
56.731 1
56.806 0
56.854 0
56.894 1
57.002 1
57.021 0
57.048 1
57.123 1
57.197 0
57.218 1
57.232 0
57.309 0
57.360 1
57.420 1
57.542 0
57.555 0
57.582 0
57.751 1
57.805 0
57.979 1
58.087 1
58.161 1
58.282 1
58.377 0
58.464 0
58.594 1
58.740 0
58.848 1
58.931 0
59.029 1
59.117 1
59.245 0
59.328 0
59.443 1
59.516 0
59.637 0
59.736 1
59.837 0
59.919 0
60.033 1
60.146 0
60.275 1
60.349 1
60.471 0
60.548 0
60.685 0
60.762 0
60.888 1
60.994 1
61.104 1
61.211 0
61.298 1
61.399 0
61.527 0
61.623 0
61.736 0
61.863 0
61.992 1
62.113 1
62.227 1
62.335 1
62.428 0
62.557 1
62.665 1
62.773 1
62.907 0
63.002 0
63.109 1
63.224 1
63.310 0
63.420 1
63.526 1
63.604 1
63.722 0
63.816 1
63.924 1
64.013 0
64.133 0
64.254 1
64.347 1
64.418 0
64.436 1
64.510 1
64.516 1
64.571 0
64.606 1
64.673 1
64.700 0
64.720 1
64.774 1
64.828 0
64.861 0
64.889 0
64.964 1
64.986 1
65.038 1
65.044 1
65.139 1
65.146 0
65.194 0
65.242 0
65.290 1
65.355 0
65.377 1
65.411 0
65.438 1
65.592 0
65.640 1
65.741 0
65.814 1
65.917 0
66.017 0
66.086 1
66.178 0
66.233 1
66.402 0
66.476 0
66.582 1
66.666 0
66.758 1
66.865 0
66.933 1
67.060 1
67.103 0
67.255 1
67.263 0
67.438 0
67.546 0
67.593 1
67.621 1
67.775 0
67.802 0
67.944 1
67.998 0
68.126 1
68.140 0
68.202 0
68.302 1
68.395 0
68.497 1
68.590 1
68.700 0
68.787 0
68.880 0
68.969 0
69.068 0
69.150 0
69.243 1
69.324 1
69.379 0
69.487 1
69.501 1
69.569 0
69.637 0
69.710 0
69.804 1
69.902 1
69.980 0
70.080 0
70.155 0
70.256 0
70.296 1
70.440 0
70.453 1
70.606 1
70.667 0
70.808 0
70.886 0
71.006 0
71.098 1
71.194 1
71.333 0
71.380 0
71.522 1
71.563 1
71.740 0
71.791 1
71.953 0
71.994 0
72.156 1
72.189 1
72.363 0
72.391 0
72.592 0
72.693 1
72.828 1
72.922 1
73.031 1
73.031 0
73.144 0
73.238 0
73.246 1
73.361 1
73.437 1
73.503 0
73.556 0
73.603 1
73.604 1
73.657 1
73.752 1
73.753 1
73.961 1
74.049 1
74.157 0
74.257 0
74.358 1
74.486 0
74.580 0
74.715 1
74.823 0
74.977 1
75.077 0
75.172 0
75.225 0
75.280 1
75.288 1
75.354 0
75.361 0
75.449 0
75.469 1
75.524 1
75.540 1
75.593 0
75.647 0
75.666 1
75.726 0
75.840 0
75.843 1
75.850 0
75.904 1
75.937 0
76.119 0
76.213 0
76.307 1
76.463 0
76.496 1
76.712 0
76.839 1
76.947 1
77.074 0
77.175 0
77.269 1
77.357 0
77.411 0
77.434 0
77.472 1
77.533 0
77.569 0
77.587 0
77.670 0
77.682 0
77.724 1
77.770 0
77.804 1
77.845 0
77.878 0
77.952 0
77.980 0
78.013 0
78.034 0
78.209 1
78.317 1
78.397 1
78.504 1
78.586 0
78.701 0
78.769 1
78.895 1
78.930 0
79.071 1
79.077 0
79.213 1
79.254 0
79.388 0
79.415 1
79.557 1
79.577 0
79.712 1
79.778 1
79.894 1
79.961 0
80.075 1
80.165 1
80.252 1
80.419 1
80.499 0
80.596 0
80.687 1
80.776 1
80.857 0
80.957 1
81.031 0
81.120 1
81.220 0
81.274 0
81.396 0
81.442 0
81.563 1
81.607 0
81.712 1
81.745 1
81.800 0
81.848 1
81.950 1
81.977 1
82.002 0
82.010 1
82.112 0
82.158 1
82.166 1
82.187 1
82.274 0
82.315 1
82.322 0
82.369 0
82.432 1
82.484 0
82.491 1
82.586 0
82.645 1
82.660 1
82.733 1
82.755 1
82.802 1
82.836 1
82.912 0
82.916 0
82.971 0
83.012 1
83.121 0
83.216 1
83.221 0
83.349 0
83.489 1
83.564 0
83.693 0
83.793 0
83.907 1
84.024 1
84.130 0
84.244 0
84.365 0
84.487 0
84.589 0
84.729 0
84.863 0
84.953 1
85.120 1
85.186 0
85.362 1
85.450 0
85.571 1
85.691 1
85.845 1
85.933 0
86.041 0
86.169 1
86.243 0
86.420 1
86.512 0
86.646 1
86.766 0
86.876 0
87.015 1
87.106 0
87.225 0
87.325 1
87.467 1
87.562 1
87.689 1
87.797 1
87.932 1
88.033 0
88.140 1
88.275 0
88.416 0
88.512 0
88.666 1
88.749 1
88.887 0
89.000 1
89.115 1
89.223 0
89.351 1
89.452 0
89.614 1
89.688 0
89.836 1
89.952 0
90.097 1
90.226 1
90.353 0
90.456 1
90.616 0
90.717 1
90.851 1
90.935 0
91.087 1
91.284 0
91.430 0
91.551 1
91.686 0
91.780 1
91.941 1
92.062 1
92.177 0
92.319 1
92.486 0
92.580 0
92.728 0
92.843 0
92.993 1
93.098 0
93.245 0
93.374 0
93.544 1
93.603 1
93.786 0
93.891 1
94.040 0
94.181 1
94.276 1
94.418 0
94.565 0
94.679 0
94.833 0
94.921 0
95.095 1
95.198 1
95.345 0
95.466 0
95.641 0
95.749 0
95.858 0
95.972 1
96.119 0
96.213 1
96.333 1
96.442 1
96.542 0
96.678 1
96.739 0
96.900 1
97.053 1
97.175 0
97.290 0
97.398 1
97.544 0
97.653 1
97.828 0
97.928 1
98.063 0
98.205 1
98.318 1
98.447 0
98.574 0
98.697 1
98.816 1
98.925 1
99.033 0
99.121 0
99.189 0
99.194 1
99.261 1
99.276 1
99.345 1
99.377 1
99.437 1
99.457 1
99.499 0
99.581 0
99.600 0
99.635 1
99.641 1
99.736 0
99.748 0
99.816 1
99.826 1
99.918 1
99.932 0
99.960 1
99.985 0
100.067 0
100.080 1
100.115 1
100.149 0
100.224 1
100.250 0
100.273 1
100.318 0
100.374 1
100.420 1
100.433 1
100.488 1
100.528 0
100.591 1
100.592 1
100.657 1
100.666 0
100.732 0
100.777 1
100.826 1
100.882 0
100.886 1
100.988 1
100.988 1
101.028 0
101.058 0
101.151 1
101.164 0
101.197 0
101.254 1
101.279 0
101.339 1
101.346 1
101.434 1
101.435 0
101.481 0
101.545 1
101.570 1
101.610 1
101.628 1
101.725 1
101.739 1
101.780 1
101.812 1
101.882 0
101.908 1
101.949 1
102.057 0
102.086 0
102.097 1
102.179 0
102.213 0
102.261 0
102.274 0
102.361 0
102.375 0
102.417 1
102.516 0
102.544 1
102.584 0
102.585 0
102.678 0
102.733 0
102.795 1
102.857 0
102.902 1
102.995 1
103.064 0
103.131 1
103.145 0
103.213 0
103.220 1
103.314 1
103.334 0
103.382 0
103.422 1
103.483 1
103.490 1
103.536 0
103.585 0
103.639 1
103.688 1
103.693 1
103.762 0
103.824 1
103.876 1
103.890 1
103.959 1
103.972 0
104.025 0
104.072 0
104.159 1
104.174 1
104.194 0
104.303 0
104.309 1
104.343 0
104.390 0
104.473 0
104.518 1
104.540 1
104.593 1
104.642 0
104.693 1
104.709 0
104.782 0
104.824 1
104.843 0
104.911 1
104.984 1
105.000 1
105.019 0
105.127 0
105.147 1
105.208 1
105.235 0
105.345 1
105.364 0
105.370 1
105.438 0
105.520 1
105.573 0
105.660 0
105.696 0
105.789 1
105.865 1
105.867 1
106.005 1
106.007 0
106.032 1
106.074 0
106.160 1
106.187 1
106.228 0
106.308 0
106.328 1
106.363 0
106.416 1
106.498 0
106.505 0
106.549 1
106.626 0
106.654 1
106.701 1
106.721 1
106.836 1
106.843 1
106.951 1
106.994 1
107.033 1
107.069 1
107.154 1
107.182 0
107.277 1
107.344 1
107.505 0
107.520 0
107.653 1
107.822 0
107.862 0
107.944 0
108.050 1
108.067 0
108.135 0
108.200 1
108.247 1
108.259 1
108.281 1
108.382 1
108.408 0
108.430 0
108.465 1
108.619 0
108.713 0
108.787 0
108.874 1
108.948 1
109.056 1
109.125 1
109.218 1
109.306 1
109.373 0
109.461 0
109.582 1
109.643 1
109.764 1
109.853 0
109.958 1
110.033 1
110.188 0
110.207 0
110.350 1
110.498 0
110.511 1
110.680 1
110.756 1
110.836 1
110.910 1
110.916 0
111.010 0
111.030 1
111.064 0
111.165 0
111.186 0
111.219 0
111.242 1
111.328 1
111.370 1
111.382 1
111.483 0
111.511 0
111.513 0
111.573 1
111.668 0
111.680 0
111.682 1
111.781 0
111.814 1
111.848 1
111.858 1
111.970 0
111.984 0
112.011 0
112.072 0
112.146 1
112.161 0
112.168 0
112.244 1
112.309 1
112.317 1
112.331 0
112.424 1
112.472 0
112.513 1
112.613 0
112.626 1
112.633 0
112.775 0
112.781 1
112.824 0
112.904 1
113.058 0
113.065 0
113.207 1
113.229 1
113.391 0
113.392 0
113.517 1
113.577 0
113.692 1
113.779 1
113.889 1
113.988 1
114.057 0
114.156 1
114.231 0
114.347 0
114.440 1
114.515 0
114.635 1
114.710 1
114.837 1
114.938 0
115.045 1
115.148 1
115.241 1
115.349 1
115.437 0
115.537 0
115.639 0
115.761 1
115.860 0
115.969 0
116.083 1
116.165 0
116.298 1
116.400 0
116.500 0
116.602 0
116.716 1
116.816 0
116.920 1
117.079 1
117.214 0
117.300 1
117.422 1
117.549 1
117.671 0
117.798 1
117.920 1
118.042 0
118.196 0
118.264 1
118.371 1
118.385 1
118.439 0
118.473 0
118.527 0
118.587 1
118.635 1
118.657 0
118.676 1
118.723 0
118.764 0
118.825 0
118.838 1
118.879 0
118.955 1
118.988 0
119.031 0
119.064 1
119.118 0
119.119 0
119.318 0
119.446 0
119.547 1
119.681 0
119.790 1
119.897 1
120.011 0
120.145 1
120.232 0
120.356 1
120.436 0
120.531 1
120.551 1
120.604 1
120.610 0
120.704 0
120.739 1
120.781 1
120.795 1
120.867 0
120.915 1
120.957 1
120.970 0
121.011 0
121.125 1
121.192 1
121.193 1
121.207 0
121.354 1
121.441 1
121.589 0
121.671 1
121.798 0
121.887 1
121.993 1
122.094 0
122.175 0
122.310 0
122.366 0
122.505 0
122.626 0
122.701 0
122.821 1
122.908 0
123.042 0
123.138 1
123.254 1
123.341 0
123.468 1
123.562 1
123.683 1
123.791 0
123.879 0
123.966 1
124.100 1
124.190 0
124.208 0
124.310 0
124.364 1
124.454 1
124.478 1
124.526 0
124.592 1
124.647 1
124.707 1
124.737 0
124.754 0
124.836 1
124.869 1
124.919 1
124.919 1
125.013 0
125.032 1
125.086 1
125.141 0
125.208 0
125.227 0
125.247 1
125.390 1
125.396 0
125.412 0
125.552 0
125.568 1
125.629 0
125.761 0
125.876 0
125.969 0
126.064 0
126.164 0
126.260 0
126.355 1
126.448 1
126.542 0
126.643 0
126.751 1
126.886 0
126.960 0
127.088 0
127.188 0
127.284 0
127.404 0
127.519 1
127.639 0
127.746 1
127.882 0
128.052 1
128.219 0
128.352 0
128.439 1
128.621 0
128.786 0
128.991 0
128.998 0
129.153 1
129.314 1
129.482 0
129.563 1
129.644 1
129.778 1
129.859 0
130.074 1
130.107 0
130.303 1
130.411 0
130.517 1
130.645 0
130.741 1
130.835 0
130.936 0
130.950 1
131.038 0
131.044 1
131.133 1
131.152 1
131.200 0
131.267 1
131.268 1
131.363 1
131.374 1
131.421 1
131.429 0
131.532 0
131.551 0
131.584 0
131.621 1
131.681 1
131.742 1
131.761 1
131.813 1
131.862 0
131.931 1
132.004 0
132.038 1
132.125 0
132.227 1
132.354 0
132.408 0
132.535 0
132.684 1
132.725 1
132.915 1
132.947 1
133.115 1
133.203 0
133.337 1
133.452 0
133.587 0
133.688 0
133.821 0
133.909 0
134.010 0
134.099 0
134.171 0
134.205 0
134.294 1
134.295 0
134.474 1
134.487 1
134.629 0
134.705 1
134.845 0
135.026 0
135.175 1
135.318 0
135.456 1
135.605 1
135.632 1
135.780 1
135.814 0
135.928 1
135.975 0
136.090 1
136.111 1
136.225 1
136.252 1
136.286 0
136.360 0
136.434 1
136.455 0
136.610 0
136.718 0
136.808 1
136.933 0
137.034 0
137.155 1
137.255 1
137.391 1
137.486 1
137.633 1
137.707 1
137.754 0
137.803 0
137.862 0
137.863 1
137.937 1
137.970 0
138.004 1
138.032 0
138.086 1
138.134 1
138.154 1
138.209 0
138.236 1
138.288 1
138.309 0
138.362 1
138.397 1
138.451 1
138.457 0
138.519 1
138.533 0
138.735 1
138.736 0
138.816 1
138.917 1
139.025 1
139.121 1
139.227 1
139.314 1
139.315 0
139.442 0
139.516 0
139.665 1
139.718 0
139.873 1
139.988 0
140.048 0
140.190 1
140.257 1
140.425 0
140.453 1
140.621 0
140.742 1
140.910 1
140.959 1
141.105 1
141.106 0
141.175 1
141.180 0
141.268 1
141.323 0
141.349 0
141.395 1
141.437 0
141.483 0
141.510 1
141.599 1
141.687 0
141.787 1
141.957 1
141.998 0
142.158 1
142.212 0
142.246 1
142.380 0
142.462 1
142.589 0
142.664 0
142.831 1
142.845 1
143.134 0
143.154 1
143.331 1
143.424 1
143.551 1
143.659 0
143.766 0
143.880 0
143.989 0
144.104 1
144.217 0
144.319 0
144.428 1
144.563 1
144.684 0
144.783 1
144.931 0
144.979 1
145.153 1
145.159 1
145.264 1
145.314 1
145.343 1
145.396 1
145.437 1
145.525 1
145.601 0
145.740 1
145.808 0
145.983 1
146.065 0
146.192 0
146.319 1
146.434 1
146.536 1
146.655 0
146.736 1
146.831 0
146.898 0
146.974 1
147.033 1
147.088 0
147.161 0
147.202 0
147.304 1
147.485 1
147.518 1
147.640 0
147.802 1
147.910 0
147.998 1
148.072 1
148.171 1
148.280 0
148.327 0
148.341 0
148.496 0
148.530 1
148.644 1
148.706 0
148.739 1
148.759 0
148.789 1
148.869 0
148.950 0
148.951 0
149.057 1
149.090 1
149.166 1
149.205 0
149.266 1
149.381 0
149.401 1
149.444 0
149.556 1
149.562 0
149.590 0
149.726 1
149.772 1
149.774 1
149.907 1
149.949 1
150.063 1
150.090 0
150.118 1
150.252 0
150.293 0
150.340 0
150.447 1
150.589 0
150.643 1
150.743 1
150.751 1
150.818 1
150.819 1
150.885 1
150.968 1
151.021 0
151.023 0
151.027 0
151.190 0
151.210 0
151.231 1
151.378 1
151.385 0
151.399 0
151.453 1
151.540 1
151.582 0
151.750 0
151.863 1
152.012 0
152.140 0
152.268 1
152.396 1
152.477 1
152.625 0
152.733 0
152.893 1
152.974 1
153.082 0
153.190 1
153.312 1
153.420 1
153.533 1
153.640 1
153.742 1
153.897 1
154.034 0
154.153 0
154.240 1
154.375 1
154.505 0
154.611 0
154.745 0
154.841 0
155.003 0
155.082 0
155.237 1
155.338 1
155.472 1
155.560 1
155.715 1
155.822 1
155.936 1
156.078 1
156.160 0
156.266 1
156.348 0
156.464 1
156.544 1
156.664 1
156.718 0
156.860 1
156.927 1
157.068 0
157.137 1
157.277 0
157.339 0
157.486 0
157.573 1
157.688 0
157.770 0
157.903 0
157.971 1
158.119 1
158.233 0
158.240 1
158.241 0
158.354 1
158.462 0
158.570 1
158.638 0
158.798 1
158.845 0
159.021 0
159.101 0
159.249 0
159.349 0
159.485 0
159.559 1
159.687 0
159.814 0
159.936 1
160.027 1
160.159 1
160.249 1
160.400 1
160.414 1
160.616 1
160.705 0
160.824 0
160.926 0
161.047 1
161.154 1
161.276 1
161.383 0
161.517 1
161.619 1
161.720 1
161.822 1
161.946 0
162.030 0
162.164 1
162.311 0
162.454 0
162.588 1
162.689 0
162.804 1
162.918 1
163.026 0
163.290 1
163.410 1
163.543 0
163.638 1
163.779 1
163.862 1
164.000 1
164.103 1
164.230 0
164.280 0
164.425 1
164.547 1
164.649 0
164.754 1
164.817 0
164.876 0
164.940 0
164.984 1
164.999 1
165.031 1
165.133 0
165.140 1
165.188 0
165.215 1
165.290 1
165.318 1
165.350 1
165.406 0
165.446 1
165.485 1
165.507 1
165.548 1
165.595 0
165.669 0
165.670 1
165.737 0
165.737 0
165.804 1
165.839 0
165.891 0
165.919 1
165.967 0
166.001 0
166.035 1
166.075 0
166.088 0
166.196 0
166.197 0
166.352 0
166.372 1
166.520 0
166.521 1
166.655 0
166.689 0
166.830 0
166.844 0
166.993 1
167.033 1
167.101 1
167.188 1
167.261 1
167.262 0
167.343 1
167.369 0
167.417 0
167.438 1
167.498 0
167.548 1
167.613 1
167.625 0
167.713 0
167.741 1
167.790 0
167.830 1
167.837 1
167.910 1
167.964 1
168.080 1
168.206 0
168.260 1
168.402 1
168.551 0
168.713 1
168.812 0
168.947 0
169.008 0
169.110 0
169.142 0
169.203 1
169.216 1
169.304 1
169.326 1
169.394 1
169.401 1
169.473 1
169.495 1
169.530 1
169.562 1
169.637 1
169.677 1
169.684 0
169.771 0
169.792 1
169.839 0
169.862 1
169.875 0
169.943 0
170.071 1
170.103 0
170.254 0
170.304 1
170.446 1
170.594 0
170.648 0
170.709 1
170.763 1
170.765 0
170.825 0
170.844 1
170.898 0
170.913 0
170.980 1
171.006 0
171.049 1
171.110 1
171.150 0
171.161 0
171.202 0
171.258 0
171.284 1
171.439 0
171.440 1
171.522 1
171.524 1
171.636 0
171.651 1
171.676 1
171.696 1
171.771 0
171.795 1
171.826 1
171.844 1
171.953 0
171.988 1
171.994 0
172.001 0
172.110 0
172.163 0
172.164 0
172.232 0
172.264 1
172.338 0
172.433 0
172.568 1
172.609 1
172.729 0
172.783 1
172.877 1
172.965 1
173.019 1
173.174 0
173.201 1
173.377 0
173.417 1
173.539 0
173.540 1
173.686 0
173.693 0
173.754 0
173.769 1
173.849 1
173.889 1
173.936 0
173.977 0
174.011 0
174.089 0
174.112 1
174.180 0
174.187 1
174.287 1
174.315 0
174.423 0
174.511 1
174.625 0
174.726 0
174.834 0
174.923 1
175.015 1
175.117 1
175.212 1
175.279 1
175.427 0
175.528 0
175.591 1
175.679 0
175.710 0
175.764 1
175.765 1
175.845 1
175.873 0
175.946 1
175.967 0
176.020 0
176.028 0
176.136 0
176.153 0
176.197 1
176.225 0
176.250 1
176.312 1
176.346 0
176.407 1
176.494 1
176.542 1
176.670 1
176.777 0
176.872 1
176.979 0
177.074 1
177.201 0
177.269 0
177.404 0
177.459 1
177.572 1
177.599 1
177.707 0
177.761 1
177.774 1
177.808 1
177.890 1
177.924 1
177.951 1
177.992 1
178.045 0
178.106 0
178.134 0
178.208 0
178.231 0
178.303 0
178.357 0
178.404 1
178.424 1
178.520 0
178.526 1
178.606 1
178.620 1
178.702 0
178.755 1
178.775 1
178.843 1
178.877 0
178.924 1
178.944 0
179.026 0
179.040 1
179.081 0
179.194 1
179.208 0
179.242 0
179.304 0
179.336 1
179.404 1
179.410 1
179.499 1
179.535 0
179.552 0
179.649 0
179.663 1
179.716 0
179.763 1
179.802 1
179.864 0
179.892 1
179.961 0
180.033 1
180.122 0
180.174 0
180.262 1
180.269 1
180.411 1
180.579 1
180.586 0
180.742 0
180.743 1
180.842 0
180.916 0
181.023 0
181.097 1
181.198 1
181.293 1
181.368 1
181.468 1
181.535 1
181.622 0
181.675 1
181.764 1
181.972 0
182.048 0
182.154 1
182.228 1
182.343 1
182.410 1
182.526 0
182.601 1
182.687 0
182.789 1
182.861 0
182.894 0
182.963 1
183.036 0
183.151 0
183.227 0
183.360 0
183.407 0
183.569 0
183.642 1
183.791 0
183.807 0
183.825 0
184.000 0
184.006 1
184.162 0
184.256 0
184.289 1
184.391 0
184.458 0
184.472 0
184.553 1
184.581 1
184.622 0
184.668 0
184.715 1
184.744 1
184.762 0
184.853 0
184.880 0
184.905 0
184.961 0
184.993 0
185.066 1
185.074 0
185.209 1
185.302 0
185.357 0
185.363 1
185.431 1
185.493 1
185.508 1
185.582 1
185.583 0
185.661 0
185.662 0
185.708 0
185.737 1
185.777 1
185.830 1
185.853 0
185.871 0
185.927 1
185.978 0
186.002 1
186.020 1
186.054 0
186.124 0
186.143 0
186.196 1
186.311 0
186.377 1
186.482 0
186.541 1
186.635 1
186.705 1
186.729 1
186.850 0
186.876 1
186.932 0
187.000 1
187.072 1
187.120 0
187.282 0
187.329 0
187.370 1
187.423 0
187.458 0
187.519 0
187.587 1
187.634 1
187.635 0
187.701 1
187.742 0
187.809 1
187.827 1
187.891 1
187.904 1
187.931 1
188.047 1
188.107 0
188.154 0
188.200 0
188.275 1
188.310 0
188.472 1
188.498 0
188.613 0
188.640 0
188.714 1
188.755 0
188.809 0
188.896 0
188.903 0
188.965 0
189.006 1
189.099 1
189.106 0
189.153 1
189.187 1
189.254 0
189.289 0
189.357 0
189.378 1
189.456 1
189.513 0
189.515 1
189.593 0
189.594 1
189.706 0
189.714 0
189.789 0
189.795 1
189.849 1
189.890 1
190.030 1
190.038 0
190.139 1
190.165 1
190.239 0
190.248 1
190.335 0
190.362 1
190.390 0
190.519 1
190.632 0
190.646 0
190.693 0
190.855 0
190.902 1
191.023 0
191.133 1
191.240 0
191.366 0
191.460 0
191.547 0
191.669 0
191.777 1
191.871 0
191.932 0
191.999 0
192.068 1
192.146 0
192.208 1
192.295 1
192.385 1
192.465 1
192.558 0
192.659 0
192.779 0
192.874 1
192.955 0
193.063 1
193.150 1
193.232 1
193.258 0
193.353 0
193.461 0
193.550 1
193.656 0
193.764 0
193.872 0
193.972 0
194.033 0
194.126 1
194.203 0
194.271 1
194.363 1
194.431 1
194.538 1
194.612 1
194.719 0
194.774 0
194.902 1
194.949 0
195.058 1
195.138 1
195.247 1
195.366 1
195.372 0
195.467 0
195.602 0
195.670 0
195.818 1
195.838 1
195.906 0
196.033 1
196.122 1
196.235 1
196.317 1
196.457 1
196.560 0
196.674 1
196.734 1
196.860 0
196.943 1
197.090 1
197.152 0
197.279 0
197.326 1
197.448 0
197.475 1
197.563 0
197.564 1
197.636 0
197.651 0
197.737 1
197.755 1
197.815 1
197.826 1
197.913 1
197.934 1
197.935 1
198.021 1
198.071 1
198.103 0
198.172 1
198.199 1
198.218 0
198.251 0
198.361 0
198.367 1
198.408 1
198.445 0
198.522 0
198.543 0
198.577 0
198.612 1
198.671 1
198.720 1
198.732 1
198.813 1
198.829 0
198.855 1
198.941 0
198.983 1
198.991 0
199.058 0
199.147 0
199.150 1
199.157 0
199.266 1
199.308 0
199.309 0
199.361 1
199.442 1
199.449 1
199.456 1
199.550 0
199.571 1
199.598 1
199.651 0
199.733 1
199.756 0
199.767 1
199.836 0
199.889 1
199.916 1
199.950 1
200.037 0
200.059 1
200.073 1
200.199 1
200.260 1
200.260 0
200.328 1
200.416 0
200.462 0
200.531 0
200.557 1
200.571 0
200.692 0
200.726 1
200.780 1
200.848 1
200.883 0
200.983 1
200.989 0
201.111 1
201.180 1
201.212 0
201.233 1
201.316 1
201.361 1
201.403 0
201.404 1
201.503 1
201.538 1
201.539 1
201.551 0
201.631 1
201.686 1
201.699 0
201.774 0
201.789 0
201.835 0
201.870 0
202.017 0
202.051 1
202.172 1
202.214 1
202.233 1
202.387 1
202.422 1
202.563 0
202.570 1
202.749 0
202.749 1
202.920 0
202.940 1
203.075 0
203.102 0
203.237 1
203.284 1
203.392 1
203.459 1
203.567 1
203.627 0
203.689 0
203.809 0
203.872 0
204.017 0
204.105 1
204.267 1
204.407 0
204.578 1
204.658 1
204.806 1
204.899 0
205.027 0
205.127 0
205.249 1
205.336 1
205.438 0
205.539 0
205.653 0
205.736 1
205.855 0
205.950 0
206.057 0
206.158 0
206.232 0
206.353 1
206.468 1
206.557 1
206.676 1
206.786 1
206.891 1
206.999 0
207.100 1
207.201 1
207.323 0
207.430 0
207.558 0
207.667 1
207.799 0
207.916 1
208.022 0
208.136 1
208.258 0
208.366 0
208.480 1
208.581 0
208.729 1
208.810 1
208.974 0
209.066 1
209.220 0
209.294 0
209.441 1
209.523 1
209.692 0
209.792 1
209.933 1
210.076 1
210.169 1
210.283 0
210.391 0
210.520 0
210.634 0
210.733 0
210.869 1
210.969 0
211.104 0
211.173 0
211.199 1
211.287 0
211.288 1
211.354 1
211.369 1
211.449 1
211.456 0
211.510 0
211.524 0
211.605 0
211.634 1
211.669 1
211.670 1
211.672 1
211.748 0
211.794 1
211.814 0
211.842 0
211.909 1
211.958 0
211.965 0
212.179 0
212.207 0
212.388 0
212.516 0
212.603 1
212.731 0
212.825 1
212.973 0
213.042 1
213.210 0
213.229 0
213.272 1
213.310 1
213.378 1
213.391 0
213.453 1
213.474 0
213.554 0
213.560 1
213.616 1
213.628 0
213.704 1
213.722 0
213.784 1
213.799 0
213.864 0
213.905 1
213.960 1
213.968 1
214.028 0
214.076 0
214.123 0
214.163 1
214.183 1
214.365 0
214.372 1
214.560 1
214.654 0
214.754 1
214.876 0
214.971 1
215.072 0
215.165 1
215.267 1
215.356 0
215.483 0
215.550 1
215.671 0
215.698 1
215.847 0
215.888 0
215.969 0
216.076 1
216.112 1
216.124 0
216.258 0
216.413 1
216.554 1
216.614 0
216.729 1
216.810 1
216.911 0
217.025 1
217.113 1
217.222 1
217.315 0
217.408 0
217.551 0
217.624 1
217.761 1
217.842 0
217.961 0
218.069 0
218.197 1
218.258 1
218.446 1
218.460 0
218.668 1
218.776 0
218.877 0
218.984 1
219.086 1
219.193 1
219.295 0
219.403 1
219.530 1
219.606 1
219.738 1
219.833 1
219.947 0
220.082 1
220.183 0
220.304 1
220.405 1
220.519 0
220.620 1
220.762 1
220.824 0
220.971 1
221.038 1
221.171 0
221.260 1
221.374 0
221.495 1
221.572 1
221.724 0
221.894 1
221.974 1
222.129 1
222.221 1
222.350 0
222.450 0
222.599 0
222.695 0
222.828 1
222.904 1
223.050 1
223.144 1
223.251 0
223.373 1
223.447 0
223.589 1
223.650 0
223.804 0
223.827 0
223.995 1
224.034 1
224.188 1
224.236 0
224.356 0
224.403 0
224.572 0
224.598 1
224.787 1
224.937 1
225.098 1
225.211 1
225.339 1
225.500 1
225.662 0
225.830 0
225.991 0
226.159 1
226.323 0
226.408 1
226.610 1
226.791 0
226.986 0
227.135 1
227.336 1
227.504 0
227.578 0
227.713 1
227.855 0
227.969 0
228.110 0
228.244 1
228.368 1
228.500 0
228.567 0
228.644 1
228.716 0
228.792 1
228.865 0
228.925 0
229.006 0
229.060 1
229.153 0
229.201 1
229.295 1
229.342 1
229.551 0
229.713 1
229.861 0
230.003 0
230.130 1
230.271 0
230.412 0
230.553 0
230.668 1
230.715 1
230.808 1
230.823 1
230.978 0
231.006 0
231.120 0
231.147 1
231.288 0
231.294 1
231.412 0
231.464 1
231.578 0
231.719 1
231.734 1
231.935 0
232.089 1
232.231 0
232.386 0
232.499 1
232.641 0
232.802 0
232.965 1
233.112 1
233.173 1
233.314 1
233.400 0
233.543 1
233.618 1
233.737 1
233.845 0
234.027 1
234.174 0
234.310 1
234.351 1
234.478 0
234.539 0
234.680 0
234.722 0
234.881 1
235.037 0
235.098 1
235.246 1
235.341 0
235.441 1
235.535 0
235.625 0
235.732 1
235.811 0
235.960 0
236.056 0
236.137 1
236.236 1
236.326 1
236.434 1
236.521 1
236.633 1
236.707 1
236.822 1
236.883 0
237.010 0
237.064 1
237.239 0
237.240 1
237.414 0
237.482 0
237.623 0
237.669 1
237.818 0
237.871 1
238.015 1
238.088 1
238.249 1
238.296 1
238.465 1
238.626 1
238.701 0
238.815 1
238.956 1
239.057 0
239.139 1
239.239 1
239.326 1
239.434 1
239.487 0
239.636 1
239.719 0
239.832 0
239.919 1
240.020 0
240.127 0
240.196 0
240.336 1
240.471 1
240.565 1
240.666 1
240.720 1
240.823 0
240.868 1
240.875 1
240.921 0
241.057 0
241.084 0
241.085 1
241.226 1
241.267 0
241.394 0
241.522 0
241.591 1
241.592 0
241.724 1
241.785 0
241.887 0
241.972 0
242.070 1
242.162 0
242.244 0
242.337 0
242.384 1
242.532 1
242.568 0
242.674 1
242.729 0
242.829 1
242.938 0
242.991 1
243.139 1
243.146 1
243.341 0
243.388 1
243.523 1
243.637 0
243.745 0
243.900 0
243.995 1
244.129 0
244.183 1
244.310 1
244.488 0
244.573 1
244.730 0
244.883 1
245.030 1
245.171 1
245.313 0
245.474 0
245.596 0
245.779 0
245.785 1
245.905 1
245.940 0
245.993 0
246.061 0
246.062 0
246.135 1
246.142 0
246.190 1
246.230 1
246.292 0
246.324 0
246.345 1
246.433 0
246.439 0
246.488 1
246.508 1
246.744 1
246.917 0
247.052 1
247.160 1
247.275 1
247.422 0
247.551 0
247.651 1
247.772 1
247.942 1
247.954 1
248.043 1
248.056 0
248.109 1
248.176 1
248.211 1
248.242 0
248.258 0
248.380 0
248.381 1
248.427 0
248.441 1
248.521 1
248.549 1
248.576 0
248.672 0
248.873 1
248.915 0
249.048 1
249.115 0
249.263 1
249.317 0
249.487 1
249.493 0
249.696 0
249.697 1
249.850 1
249.878 1
250.031 0
250.120 1
250.260 1
250.381 1
250.437 0
250.603 1
250.650 1
250.840 1
250.841 1
251.035 1
251.081 1
251.216 1
251.305 1
251.404 1
251.492 1
251.593 1
251.702 1
251.775 1
251.815 0
251.903 1
251.973 0
252.006 0
252.166 1
252.227 0
252.254 0
252.322 1
252.456 1
252.598 0
252.612 0
252.752 0
252.793 0
252.896 1
252.941 1
252.984 1
253.116 1
253.139 0
253.320 0
253.393 1
253.535 0
253.616 1
253.729 1
253.810 1
253.898 1
253.952 0
254.034 1
254.062 1
254.095 0
254.197 0
254.221 0
254.278 0
254.344 0
254.385 1
254.386 1
254.446 1
254.528 1
254.535 1
254.540 1
254.618 0
254.650 1
254.682 0
254.810 0
254.824 0
254.831 1
254.838 1
254.954 1
254.982 1
255.000 1
255.103 1
255.263 1
255.357 0
255.451 1
255.547 1
255.613 1
255.728 1
255.804 1
255.910 0
255.979 0
256.091 0
256.146 1
256.266 0
256.308 0
256.462 1
256.477 1
256.617 0
256.653 0
256.772 1
256.820 1
256.934 0
257.004 0
257.109 1
257.181 0
257.271 1
257.318 1
257.339 0
257.547 0
257.548 0
257.648 0
257.675 1
257.712 0
257.763 1
257.784 1
257.852 1
257.857 1
257.933 1
257.934 1
258.029 0
258.094 1
258.256 1
258.270 0
258.438 1
258.473 1
258.480 0
258.633 1
258.702 1
258.748 0
258.778 0
258.824 1
258.877 1
258.964 1
259.053 1
259.128 0
259.146 1
259.161 1
259.229 0
259.349 0
259.369 0
259.371 0
259.375 0
259.700 0
259.706 1
260.967 0
262.007 1
