2.827 0
3.169 1
3.565 1
4.110 0
4.600 0
4.864 1
5.408 1
5.892 1
6.329 0
7.040 1
7.458 0
7.827 1
8.331 0
8.688 1
9.118 1
9.629 0
9.985 1
10.414 1
10.949 0
11.335 1
11.787 1
12.189 1
12.727 0
13.508 0
14.180 1
14.677 0
14.926 1
15.409 0
15.746 1
16.021 0
16.620 1
17.223 1
17.513 0
18.024 1
18.542 0
18.993 1
19.898 0
20.583 1
21.411 1
21.835 0
22.440 1
22.877 0
23.576 0
23.736 1
24.234 1
24.645 1
25.329 1
25.976 1
26.836 0
27.387 0
27.891 1
28.495 0
29.107 1
29.892 1
30.324 1
31.329 0
31.841 1
32.472 0
33.299 1
33.971 1
34.805 1
35.242 1
36.095 1
37.914 1
38.679 1
39.546 0
40.580 0
41.185 1
41.648 1
42.321 1
42.859 1
43.543 0
44.195 0
44.512 1
45.848 1
46.750 0
47.542 1
48.706 1
49.399 1
50.204 0
51.091 0
51.802 1
52.192 1
52.926 1
53.569 0
54.430 0
55.994 1
56.914 1
57.533 0
58.453 1
59.226 0
59.885 0
60.738 1
61.613 0
62.205 1
62.716 0
63.898 1
64.324 0
65.177 0
65.585 1
66.454 0
67.689 1
68.165 0
68.959 1
69.525 0
70.318 1
70.869 0
71.581 1
72.629 1
73.483 0
74.385 1
75.334 0
76.475 0
77.208 1
78.217 1
78.763 1
79.494 0
80.132 0
81.026 1
81.768 0
82.586 0
83.414 1
83.952 0
84.488 0
84.986 1
85.805 0
86.531 1
87.706 0
88.291 0
88.868 1
89.687 1
90.745 0
91.287 1
92.045 1
92.844 1
93.609 1
93.998 0
94.658 1
95.485 1
96.070 0
97.251 1
98.152 0
98.772 1
99.612 1
100.253 1
101.238 1
101.689 0
102.205 0
102.864 0
103.329 1
104.169 0
104.707 1
105.709 0
106.758 1
107.928 0
108.406 0
109.378 1
109.989 0
110.764 1
111.616 0
112.275 0
112.832 1
113.578 0
114.741 1
115.728 0
116.361 1
117.543 0
118.263 1
118.949 0
119.517 1
120.378 1
121.324 1
122.036 1
122.290 1
122.871 0
123.147 0
123.590 1
124.155 1
124.399 1
125.170 0
125.748 1
126.407 1
126.972 0
127.584 1
128.149 1
128.735 1
129.475 1
130.181 1
130.948 0
131.512 0
131.956 1
132.703 0
133.201 1
134.029 0
134.555 1
135.861 1
136.520 1
137.366 1
137.972 0
138.833 0
139.505 0
