1.891 0
2.801 1
3.687 0
4.687 1
5.774 0
6.801 1
7.927 0
8.927 1
10.051 0
11.051 1
12.051 0
13.051 1
14.370 0
15.277 1
16.262 0
17.198 1
18.257 0
19.502 1
20.960 0
22.113 1
23.295 0
24.523 1
25.892 0
27.246 1
28.454 0
29.886 1
31.260 0
32.677 1
34.092 0
35.473 1
36.965 0
38.441 1
39.812 0
41.114 1
42.707 0
44.029 1
45.790 0
47.473 1
49.126 0
50.979 1
52.366 0
54.203 1
55.934 0
57.571 1
59.651 0
61.251 1
62.709 0
64.492 1
65.954 0
67.579 1
68.838 0
70.581 1
71.759 0
73.205 1
74.826 0
76.297 1
77.684 0
79.093 1
80.484 0
88.030 1
89.391 0
90.933 1
92.408 0
94.625 1
96.221 0
98.493 1
100.009 0
102.026 1
103.641 0
105.798 1
107.413 0
109.504 1
110.937 0
112.358 1
113.723 0
115.123 1
116.561 0
117.940 1
119.347 0
120.758 1
122.161 0
123.614 1
124.978 0
126.424 1
127.795 0
129.176 1
130.575 0
131.979 1
133.415 0
134.849 1
136.251 0
137.712 1
139.114 0
140.477 1
141.870 0
143.247 1
144.327 0
145.636 1
146.990 0
148.422 1
149.779 0
151.215 1
152.615 0
153.569 1
154.990 0
156.412 1
157.170 0
158.551 1
159.581 0
160.712 1
162.060 0
163.434 1
164.914 0
166.245 1
167.327 0
168.246 1
169.172 0
170.449 1
171.433 0
172.669 1
173.541 0
174.682 1
175.616 0
176.964 1
177.929 0
179.359 1
180.786 0
182.128 1
183.059 0
184.436 1
185.407 0
186.426 1
187.589 0
188.567 1
189.538 0
190.773 1
191.406 0
192.814 1
193.471 0
194.605 1
195.669 0
196.979 1
197.760 0
198.780 1
199.530 0
200.478 1
201.421 0
202.320 1
203.267 0
204.247 1
205.173 0
206.019 1
206.951 0
207.807 1
208.715 0
209.605 1
210.938 0
211.732 1
212.627 0
213.409 1
214.496 0
215.448 1
216.430 0
217.441 1
218.054 0
219.190 1
220.095 0
221.104 1
221.864 0
222.923 1
223.158 0
224.005 1
224.532 0
225.308 1
225.969 0
226.707 1
227.419 0
228.274 1
229.019 0
229.489 1
229.984 0
230.462 1
230.926 0
231.830 1
232.333 0
232.776 1
233.714 0
234.669 1
235.574 0
236.506 1
237.465 0
238.422 1
239.336 0
240.308 1
241.207 0
241.685 1
242.202 0
242.650 1
243.085 0
243.536 1
244.046 0
244.531 1
245.470 0
245.915 1
246.381 0
246.846 1
247.328 0
247.782 1
248.232 0
248.676 1
249.172 0
249.649 1
250.117 0
250.567 1
251.055 0
251.518 1
251.989 0
252.451 1
252.910 0
253.403 1
253.867 0
254.316 1
254.788 0
255.242 1
255.679 0
256.106 1
256.578 0
257.013 1
257.531 0
258.006 1
258.502 0
259.033 1
260.036 0
